P0: 568.31653 0. 643.80847 0. 0. 672.4538 386.03309 0. 0. 0. 1. 0.
P1: 568.31653 0. 643.80847 0. 0. 672.4538 386.03309 0. 0. 0. 1. 0.
P2: 568.31653 0. 643.80847 0. 0. 672.4538 386.03309 0. 0. 0. 1. 0.
P3: 568.31653 0. 643.80847 0. 0. 672.4538 386.03309 0. 0. 0. 1. 0.
Tr: -1.857739385241e-03 -9.999659513510e-01 -8.039975204516e-03 -4.784029760483e-03 -6.481465826011e-03 8.051860151134e-03 -9.999466081774e-01 -7.337429464231e-02 9.999773098287e-01 -1.805528627661e-03 -6.496203536139e-03 -3.339968064433e-01
R0_rect: 1 0 0 0 1 0 0 0 1